By B. Margon
 SS433 radial velocity database
 JD is measured in days
 columns Red and Blue are (lambda_observed-lambda_intrinsic)/lambda_intrinsic
 |z|>1.0 indicates absent value
  N      JD    Obs   Red    Blue
    1  3689.0   0   0.135  -0.060
    2  3690.0   0   9.999  -0.055
    3  3700.5   0   9.999  -0.032
    4  3704.0   0   0.078  -0.013
    5  3705.0   0   0.077  -0.011
    6  3706.0   0   0.072  -0.010
    7  3707.0   0   0.074   9.999
    8  3761.5   0  -0.004   0.070
    9  3781.7   0   0.068  -0.004
   10  3782.6   0   0.078  -0.004
   11  3784.6   0   0.073   9.999
   12  3787.6   0   0.093  -0.013
   13  3788.6   0   0.096   9.999
   14  3792.3   0   0.089  -0.028
   15  3804.6   0   0.128  -0.069
   16  3805.6   0   0.131  -0.072
   17  3807.6   0   0.149  -0.078
   18  3808.6   0   0.159  -0.081
   19  3809.6   0   0.161  -0.080
   20  3810.6   0   0.155  -0.071
   21  3811.6   0   0.156  -0.072
   22  3812.6   0   0.166  -0.090
   23  3814.6   0   0.164  -0.091
   24  3818.3   0   9.999  -0.099
   25  3819.3   0   9.999  -0.101
   26  3820.3   0   0.175   9.999
   27  3821.3   0   0.175  -0.106
   28  3823.3   0   0.175  -0.097
   29  3824.3   0   0.175  -0.097
   30  3825.3   0   0.172  -0.096
   31  3826.3   0   0.175  -0.096
   32  3828.3   0   0.176   9.999
   33  3829.2   0   0.176  -0.094
   34  3830.3   0   0.175  -0.096
   35  3831.3   0   0.175  -0.098
   36  3832.3   0   0.172  -0.096
   37  3833.3   0   0.179  -0.096
   38  3836.3   0   0.155  -0.096
   39  3840.6   0   0.172  -0.093
   40  3841.6   0   0.156  -0.077
   41  3844.7   0   0.158  -0.095
   42  3845.7   0   0.167  -0.098
   43  3848.3   0   9.999  -0.075
   44  3849.2   0   9.999  -0.074
   45  3850.2   0   9.999  -0.075
   46  3853.2   0   0.147  -0.063
   47  3932.0   0   9.999   0.038
   48  3933.0   0   9.999   0.039
   49  3953.0   0   0.090  -0.019
   50  3954.0   0   0.090  -0.019
   51  3957.0   0   9.999  -0.028
   52  3958.0   0   0.103  -0.034
   53  3959.0   0   0.103  -0.035
   54  3963.0   0   0.118  -0.051
   55  3964.0   0   0.124  -0.055
   56  3965.0   0   0.137  -0.057
   57  3966.0   0   0.146  -0.066
   58  3967.0   0   0.143  -0.064
   59  3968.0   0   0.141  -0.058
   60  3969.0   0   0.141  -0.061
   61  3970.0   0   9.999  -0.066
   62  3976.9   0   9.999  -0.082
   63  3977.9   0   0.153  -0.091
   64  3979.0   0   0.163  -0.098
   65  3983.0   0   0.155  -0.094
   66  3985.0   0   0.158  -0.107
   67  3985.9   0   0.171  -0.107
   68  3986.5   0   9.999  -0.091
   69  3987.0   0   0.160  -0.092
   70  3988.0   0   0.155  -0.093
   71  3989.0   0   9.999  -0.091
   72  3989.9   0   0.162   9.999
   73  3990.0   0   9.999  -0.092
   74  3990.9   0   9.999  -0.117
   75  3992.0   0   9.999  -0.116
   76  3993.0   0   9.999  -0.105
   77  3994.0   0   0.162  -0.103
   78  3996.0   0   0.175  -0.115
   79  3997.0   0   0.180  -0.115
   80  3998.0   0   0.176  -0.096
   81  3999.0   0   0.161  -0.085
   82  4000.0   0   0.162  -0.088
   83  4004.0   0   0.169  -0.113
   84  4005.0   0   0.156  -0.090
   85  4006.0   0   0.150  -0.090
   86  4007.0   0   0.155  -0.092
   87  4009.0   0   0.170  -0.106
   88  4010.0   0   0.173  -0.095
   89  4010.9   0   0.155  -0.074
   90  4011.9   0   0.152  -0.074
   91  4012.5   0   9.999  -0.077
   92  4013.0   0   0.148  -0.076
   93  4013.9   0   0.146  -0.084
   94  4014.9   0   0.159  -0.093
   95  4015.9   0   0.158  -0.093
   96  4016.5   0   9.999  -0.070
   97  4016.8   0   0.137  -0.070
   98  4017.5   0   9.999  -0.074
   99  4018.0   0   0.131   9.999
  100  4019.0   0   0.134  -0.070
  101  4019.5   0   9.999  -0.075
  102  4020.0   0   0.151  -0.072
  103  4021.0   0   9.999  -0.071
  104  4021.9   0   9.999  -0.074
  105  4025.0   0   0.117  -0.040
  106  4026.0   0   0.118  -0.043
  107  4027.0   0   9.999  -0.048
  108  4027.8   0   9.999  -0.049
  109  4028.6   0   0.102  -0.039
  110  4029.6   0   0.106  -0.030
  111  4030.5   0   9.999  -0.036
  112  4031.5   0   0.089  -0.020
  113  4032.0   0   0.094  -0.020
  114  4032.9   0   0.101  -0.024
  115  4036.0   0   0.086  -0.008
  116  4036.5   0   0.082  -0.027
  117  4037.6   0   0.071   9.999
  118  4041.8   0   0.062  -0.011
  119  4042.9   0   0.055   9.999
  120  4043.9   0   0.045   0.020
  121  4044.9   0   0.044   0.021
  122  4045.9   0   0.058   0.020
  123  4047.0   0   0.058   0.020
  124  4048.9   0   0.052   0.028
  125  4050.0   0   0.031   0.043
  126  4051.0   0   0.027   0.039
  127  4051.8   0   0.025   0.042
  128  4052.9   0   0.024   0.040
  129  4054.0   0   0.027   0.036
  130  4055.0   0   0.021   0.044
  131  4055.9   0   0.017   0.046
  132  4056.9   0   0.025   0.062
  133  4057.9   0   0.017   0.060
  134  4060.9   0   0.014   0.058
  135  4062.0   0   9.999   0.066
  136  4067.8   0  -0.004   0.069
  137  4070.0   0  -0.021   0.086
  138  4070.9   0  -0.017   9.999
  139  4071.9   0  -0.024   9.999
  140  4073.0   0  -0.005   0.062
  141  4074.0   0  -0.004   0.064
  142  4075.0   0  -0.015   0.084
  143  4075.8   0  -0.021   0.091
  144  4076.9   0   9.999   0.071
  145  4077.8   0  -0.019   0.066
  146  4078.8   0  -0.022   0.068
  147  4079.8   0   9.999   0.070
  148  4080.9   0  -0.016   0.082
  149  4081.9   0  -0.015   0.080
  150  4082.4   0  -0.025   0.084
  151  4082.8   0  -0.022   0.079
  152  4083.8   0   9.999   0.059
  153  4084.8   0  -0.007   0.063
  154  4085.8   0   9.999   0.064
  155  4086.8   0  -0.011   0.073
  156  4087.5   0  -0.011   9.999
  157  4087.8   0  -0.014   0.089
  158  4088.9   0  -0.010   0.074
  159  4089.9   0   9.999   0.063
  160  4094.7   0   9.999   0.082
  161  4099.5   0   9.999   0.058
  162  4099.8   0   0.012   0.041
  163  4100.8   0   0.031   0.034
  164  4101.8   0   0.036   0.028
  165  4102.7   0   0.041   0.026
  166  4103.7   0   0.044   0.024
  167  4104.7   0   0.041   9.999
  168  4107.5   0   0.077   0.019
  169  4108.5   0   0.080  -0.003
  170  4110.0   0   0.070   9.999
  171  4110.7   0   0.074   0.018
  172  4111.8   0   0.060   0.014
  173  4112.8   0   0.061   9.999
  174  4114.8   0   0.082   0.010
  175  4116.4   0   0.102  -0.014
  176  4118.4   0   9.999  -0.030
  177  4127.7   0   9.999  -0.044
  178  4129.7   0   0.121  -0.053
  179  4130.5   0   0.112  -0.052
  180  4131.5   0   0.114  -0.055
  181  4132.7   0   0.113  -0.055
  182  4133.7   0   0.128  -0.063
  183  4134.6   0   0.131  -0.064
  184  4135.7   0   0.149  -0.071
  185  4136.7   0   0.148  -0.070
  186  4137.6   0   0.151   9.999
  187  4138.7   0   0.151  -0.071
  188  4139.2   0   9.999  -0.074
  189  4139.8   0   0.149  -0.071
  190  4140.6   0   0.152   9.999
  191  4142.2   0   9.999  -0.091
  192  4142.7   0   0.173  -0.093
  193  4143.2   0   9.999  -0.091
  194  4143.7   0   0.170  -0.084
  195  4164.6   0   0.173   9.999
  196  4165.3   0   0.174  -0.104
  197  4166.3   0   9.999  -0.105
  198  4167.4   0   9.999  -0.110
  199  4168.6   0   0.147  -0.082
  200  4169.5   0   0.146  -0.078
  201  4170.6   0   0.153  -0.081
  202  4173.6   0   0.179  -0.088
  203  4178.3   0   0.178  -0.085
  204  4183.3   0   0.127  -0.053
  205  4184.3   0   0.135  -0.062
  206  4185.3   0   0.146  -0.067
  207  4186.3   0   0.130  -0.050
  208  4188.6   0   0.113  -0.032
  209  4189.6   0   0.112  -0.032
  210  4190.6   0   9.999  -0.032
  211  4192.6   0   0.102  -0.031
  212  4193.6   0   0.109  -0.039
  213  4194.6   0   0.102  -0.040
  214  4195.3   0   0.103   9.999
  215  4195.6   0   9.999  -0.031
  216  4196.6   0   0.113  -0.049
  217  4201.6   0   0.078  -0.001
  218  4202.3   0   0.071  -0.004
  219  4203.3   0   0.073   9.999
  220  4204.6   0   0.076   9.999
  221  4206.3   0   0.059   9.999
  222  4207.2   0   0.057   0.020
  223  4208.3   0   0.057   0.022
  224  4209.3   0   0.056   0.021
  225  4210.3   0   0.059   0.020
  226  4211.2   0   0.064   0.030
  227  4212.2   0   0.058   0.039
  228  4214.2   0   9.999   0.056
  229  4226.2   0   0.022   0.067
  230  4235.6   0   0.012   0.059
  231  4278.1   0   0.077  -0.019
  232  4279.1   0   0.077  -0.019
  233  4280.1   0   0.082  -0.023
  234  4281.1   0   0.091  -0.023
  235  4282.1   0   0.086  -0.021
  236  4283.1   0   0.085  -0.020
  237  4299.0   0   9.999  -0.079
  238  4308.1   0   0.144  -0.085
  239  4309.0   0   0.156   9.999
  240  4311.0   0   9.999  -0.105
  241  4316.0   0   9.999  -0.099
  242  4318.0   0   9.999  -0.117
  243  4323.0   0   0.170  -0.106
  244  4340.0   0   0.141   9.999
  245  4340.6   0   0.144  -0.078
  246  4341.0   0   0.145   9.999
  247  4342.0   0   0.146  -0.084
  248  4343.0   0   0.139  -0.083
  249  4345.0   0   0.121  -0.064
  250  4346.0   0   0.121  -0.062
  251  4347.0   0   9.999  -0.063
  252  4348.9   0   0.131  -0.060
  253  4349.9   0   0.123  -0.044
  254  4352.9   0   0.105  -0.041
  255  4363.0   0   0.076   9.999
  256  4364.0   0   0.074   9.999
  257  4372.5   0   0.043   0.024
  258  4375.9   0   0.034   0.040
  259  4376.9   0   0.031   0.044
  260  4377.9   0   0.023   0.043
  261  4378.9   0   0.019   0.043
  262  4396.9   0  -0.020   0.091
  263  4397.8   0  -0.020   0.085
  264  4398.9   0   0.011   0.075
  265  4402.0   0  -0.017   0.098
  266  4402.9   0  -0.024   0.102
  267  4404.0   0  -0.019   0.100
  268  4405.0   0   9.999   0.075
  269  4405.9   0   9.999   0.065
  270  4406.9   0   9.999   0.069
  271  4407.0   0  -0.009   0.083
  272  4407.8   0  -0.012   0.086
  273  4408.8   0  -0.017   0.097
  274  4409.8   0  -0.017   0.076
  275  4411.0   0   0.017   0.074
  276  4411.4   9   0.013   9.999
  277  4411.9   0   0.017   0.071
  278  4412.5   9   0.009   9.999
  279  4412.9   0   9.999   0.070
  280  4413.9   0  -0.007   0.077
  281  4414.5   9  -0.012   0.083
  282  4427.8   0   0.025   0.053
  283  4430.5   9   0.062   0.012
  284  4431.4   9   0.041   0.023
  285  4432.4   9   0.042   0.022
  286  4433.4   9   0.044   0.025
  287  4434.5   9   0.034   0.030
  288  4435.5   9   0.034   0.026
  289  4437.4   9   0.086   0.021
  290  4438.4   9   0.082   0.018
  291  4438.7   0   0.081   0.005
  292  4439.4   9   0.074  -0.007
  293  4439.8   0   0.076   9.999
  294  4440.4   9   0.083  -0.007
  295  4440.9   0   0.079  -0.011
  296  4441.5   9   0.086  -0.014
  297  4441.8   0   0.089  -0.016
  298  4442.5   9   0.090  -0.016
  299  4443.4   0   0.096  -0.023
  300  4443.4   9   0.099  -0.023
  301  4444.4   0   0.104  -0.024
  302  4454.8   0   0.127  -0.051
  303  4455.8   0   0.128  -0.060
  304  4456.8   0   0.131  -0.070
  305  4457.8   0   0.126  -0.066
  306  4458.8   0   0.126  -0.068
  307  4459.8   0   0.128  -0.069
  308  4461.8   0   0.160  -0.080
  309  4462.8   0   0.162   9.999
  310  4463.7   0   0.157   9.999
  311  4465.0   0   0.153  -0.068
  312  4468.7   0   0.172  -0.100
  313  4470.7   0   0.157  -0.088
  314  4471.7   0   0.157  -0.090
  315  4473.7   0   0.155  -0.096
  316  4484.4   0   9.999  -0.090
  317  4485.8   0   0.164   9.999
  318  4486.7   0   0.172   9.999
  319  4487.4   0   0.177  -0.114
  320  4487.7   0   0.179   9.999
  321  4489.6   0   0.148  -0.090
  322  4490.4   0   0.147  -0.090
  323  4493.7   0   9.999  -0.089
  324  4494.7   0   0.167  -0.089
  325  4495.7   0   0.150  -0.078
  326  4496.7   0   0.147  -0.077
  327  4497.7   0   0.152  -0.079
  328  4498.7   0   0.157  -0.089
  329  4499.7   0   0.165  -0.098
  330  4500.7   0   0.146  -0.089
  331  4517.8   0   0.109  -0.041
  332  4518.7   0   0.110  -0.037
  333  4519.6   0   0.108  -0.026
  334  4520.8   0   0.099  -0.020
  335  4547.6   0   9.999   0.062
  336  4549.6   0   9.999   0.060
  337  4550.6   0   9.999   0.046
  338  4552.6   0   9.999   0.057
  339  4553.6   0   9.999   0.070
  340  4554.6   0   9.999   0.077
  341  4555.6   0   0.021   0.063
  342  4559.6   0   9.999   0.083
  343  4560.6   0   9.999   0.088
  344  4578.6   0   0.028   0.053
  345  4582.6   0   0.035   0.050
  346  4583.6   0   0.034   9.999
  347  4584.6   0   0.035   0.042
  348  4673.0   0   0.111  -0.042
  349  4674.0   0   0.115  -0.043
  350  4675.0   0   0.124  -0.049
  351  4700.0   0   0.050   0.037
  352  4701.0   0   0.048   0.037
  353  4703.0   0   0.024   0.051
  354  4727.0   0  -0.003   0.062
  355  4728.0   0  -0.004   0.074
  356  4729.0   0  -0.003   0.088
  357  4730.0   0  -0.007   0.077
  358  4731.0   0   0.007   0.059
  359  4732.0   0   0.018   0.052
  360  4732.9   0   0.017   0.055
  361  4734.0   0   0.011   0.057
  362  4734.9   0   9.999   0.064
  363  4735.9   0  -0.004   0.065
  364  4737.0   0   9.999   0.052
  365  4750.9   0   0.016   0.043
  366  4752.0   0   0.018   0.043
  367  4755.9   0   0.067   0.006
  368  4757.0   0   0.066   9.999
  369  4764.5   9   0.092  -0.019
  370  4765.5   9   0.088  -0.016
  371  4765.9   0   0.089  -0.017
  372  4766.4   9   0.089  -0.020
  373  4766.9   0   0.088  -0.018
  374  4767.5   9   0.104  -0.023
  375  4767.9   0   0.106  -0.026
  376  4768.5   9   0.110  -0.031
  377  4769.9   0   0.112  -0.038
  378  4770.4   9   0.111  -0.038
  379  4770.9   0   0.110  -0.039
  380  4777.4   9   0.138  -0.066
  381  4778.4   9   0.134  -0.065
  382  4779.4   9   0.135  -0.065
  383  4780.4   9   0.150  -0.066
  384  4781.4   9   0.154  -0.076
  385  4781.8   0   0.158  -0.081
  386  4782.4   9   0.168  -0.088
  387  4783.8   0   0.155  -0.086
  388  4784.9   0   0.141  -0.084
  389  4792.9   0   0.167  -0.089
  390  4794.8   0   0.174  -0.099
  391  4795.9   0   9.999  -0.112
  392  4796.8   0   9.999  -0.106
  393  4798.8   0   0.159  -0.087
  394  4799.8   0   0.171  -0.101
  395  4819.8   0   9.999  -0.096
  396  4823.7   0   0.149  -0.074
  397  4824.7   0   0.150  -0.080
  398  4825.7   0   0.153  -0.091
  399  4826.7   0   9.999  -0.094
  400  4843.8   0   0.091  -0.021
  401  4844.8   0   0.094  -0.022
  402  4845.8   0   0.092  -0.016
  403  4846.7   0   0.086  -0.024
  404  4847.7   0   0.082   9.999
  405  4848.7   0   0.070   9.999
  406  4852.7   0   0.062   0.007
  407  4854.7   0   0.047   0.023
  408  4858.6   0   9.999   0.024
  409  4859.6   0   9.999   0.040
  410  4869.6   0   0.016   0.063
  411  4870.6   0   0.025   0.053
  412  4875.6   0  -0.007   9.999
  413  4879.6   0   9.999   0.076
  414  4882.7   0   9.999   0.061
  415  4908.6   0   0.047   0.021
  416  4943.6   0   0.116  -0.054
  417  5051.0   0  -0.018   0.086
  418  5052.0   0  -0.019   0.079
  419  5088.0   0   0.078   9.999
  420  5119.0   0   0.148  -0.074
  421  5120.0   0   0.148  -0.076
  422  5127.0   0   0.159  -0.092
  423  5128.0   0   0.164  -0.099
  424  5144.8   0   9.999  -0.083
  425  5146.8   0   9.999  -0.091
  426  5147.8   0   9.999  -0.084
  427  5148.8   0   9.999  -0.076
  428  5150.0   0   0.144  -0.067
  429  5161.9   0   0.119  -0.041
  430  5163.8   0   0.114  -0.042
  431  5164.7   0   0.113  -0.045
  432  5165.8   0   0.113  -0.050
  433  5174.8   0   0.083   9.999
  434  5178.9   0   0.064   9.999
  435  5186.8   0   0.045   0.032
  436  5193.8   0   0.036   0.040
  437  5196.7   0   0.014   0.066
  438  5197.7   0   9.999   0.062
  439  5210.7   0   0.018   0.068
  440  5226.8   0  -0.002   0.076
  441  5244.7   0   0.057   0.029
  442  5257.6   0   0.085  -0.027
  443  5258.6   0   0.100  -0.032
  444  5259.6   0   0.100  -0.038
  445  5429.0   0   0.126  -0.063
  446  5441.9   0   9.999  -0.100
  447  5464.0  99   9.999  -0.094
  448  5466.0  99   0.159  -0.087
  449  5467.0  99   0.164  -0.091
  450  5468.0  99   0.178  -0.096
  451  5469.0  99   0.172  -0.084
  452  5470.0  99   0.171  -0.072
  453  5471.0  99   0.164  -0.072
  454  5472.0  99   9.999  -0.073
  455  5505.0   0   0.061   0.012
  456  5506.0   0   0.063   0.017
  457  5552.8   0   9.999   0.081
  458  5559.7   0   9.999   0.056
  459  5607.5   0   0.178  -0.101
  460  5870.8   0   0.018   0.059
  461  5871.8   0   0.019   0.067
  462  5872.8   0   9.999   0.078
  463  5873.8   0   9.999   0.088
  464  5878.9   0   0.012   0.063
  465  5879.9   0   9.999   0.070
  466  5907.8   0   0.105  -0.031
  467  5908.9   0   0.105  -0.034
  468  5916.7   0   0.135  -0.060
  469  5919.7   0   9.999  -0.069
  470  5936.7   0   0.154  -0.092
  471  5941.8   0   0.184  -0.101
  472  5942.8   0   0.172  -0.090
  473  5946.8   0   0.189  -0.117
  474  5963.7   0   9.999  -0.085
  475  5966.6   0   9.999  -0.074
  476  5967.6   0   0.126  -0.072
  477  5971.7   0   0.144  -0.073
  478  5972.6   0   9.999  -0.060
  479  5973.6   0   9.999  -0.051
  480  6005.7   0   0.013   0.058
  481  6558.9   0   0.095  -0.024
  482  6559.6   0   0.108  -0.028
  483  6560.6   0   0.110  -0.031
  484  6561.6   0   0.118  -0.042
  485  6562.6   0   0.117  -0.045
  486  6563.6   0   0.119  -0.049
  487  6564.6   0   0.124  -0.051
  488  6586.0   0   0.170   9.999
  489  6639.8   0   0.058   0.014
  490  6640.8   0   0.052   0.016
  491  6641.8   0   0.047   0.019
  000  6923.6   1   0.154  -0.090
  492  6934.0   0   0.172  -0.106
  493  6935.0   0   0.152   9.999
  494  6943.0   0   9.999  -0.066
  495  6944.0   0   0.144  -0.068
  496  6945.0   0   0.146  -0.071
  497  6946.0   0   0.140  -0.071
  498  6947.0   0   0.124  -0.055
  499  6947.9   0   0.131  -0.046
  000  7038.4   1   0.064  -0.011
  000  7118.3   1   0.084  -0.023
  500  7125.6   0   0.063   9.999
  501  7126.5   0   0.061   9.999
  502  7127.6   0   0.061   9.999
  503  7128.6   0   0.058   9.999
  000  7133.2   1   0.031   0.035
  504  7276.3   0   0.110  -0.045
  505  7277.2   0   0.116  -0.044
  506  7628.9   0   0.028   9.999
  507  7630.9   0   0.016   9.999
  508  7976.0   0   9.999   0.071
  000  8028.5   1   9.999  -0.068
  000  8030.5   1   9.999  -0.069
  000  8042.6   1   9.999  -0.097
  000  8084.5   1   0.109  -0.055
  000  8133.4   1   9.999   0.072
  509  8394.0   0   0.149  -0.074
  510  8394.9   0   0.142  -0.071
  511  8395.9   0   0.144  -0.073
  000  8481.7   1   0.018   0.051
  000  8482.6   1   0.015   0.056
  000  8500.3   1   0.081  -0.017
  000  8509.4   1   0.117  -0.041
  000  8531.4   1   0.176  -0.110
  000  8532.4   1   9.999  -0.091
  000  8533.4   1   0.151  -0.089
  000  8588.3   1   0.055   0.021
  000  8589.2   1   0.049   0.024
  000  8655.7   1   0.089  -0.016
  000  8682.7   1   9.999  -0.086
  000  8683.7   1   9.999  -0.081
  000  8808.7   1   0.067   0.008
  000  8809.7   1   0.070   9.999

